$ANSIBLE_VAULT;1.1;AES256
33346132323163653738626334333031383165306563643634623833386332393137323335313732
3865646262353339316431366333643363393736343139390a333635656238353163363362353963
30313138363038633266393066333166383038333161383732643035626663666666376439353534
3133316666626233350a393736373264386462303633356462323334656237363063303166303933
39336563326461613631616661313139373566626266613432373735323931613835663733613931
37666161376666646233363930343663646138366236616265363434653464323830373233303835
62336135356465623265663930303034386131396362363831633465306532393036373661636333
63336432363437343534366434646635316639323230313337346336623061653231623461373263
38613565396366313764613332613431333562353965323733643761323466316139353438363734
34346430386361356130633735616438393266633138333238373861666263376266386532623339
64363566323137396163623535376662626238393366383438656438646630336662363363356433
36613362316534396337323337356466356439633163343361643335636562663263653863353238
64346333343733363762323262393938616663646462303565323131623839383363656662386236
32353830656538663935353465633835373162386430323737356139393035353930643561366664
33346261303630623838373331613665343237336637623730393137383565666632363538346163
64393635616436303737396463346534303830616661323337333562333266363765623963306163
39383762346562653634643537333835633965623435336131666533643566373036303162666530
32306337663365643463306132303833343336323438666137323431383264313933356434363331
34383163313265366530333434396137356362326166366234303934363234343334633331663465
64396132333231326234376262356161386338616663356361323162356532656434393731383030
66306237616361623664313533633632353733336239653637383665343062316165623839663964
65396233656339353439306161616664323435653332663166346166613062616638666631316438
62353833303538376636626337323733373133373932363135333365613238383734373833303831
62336261333364386366396166386336616366353731396332343037666637623163363234383866
38316632666530336539323735336266306638316331323466306335666361656139626662633739
66613335353430326266306536376439616237323333353234396436363133396530653830383335
34336437343266326335366566363930376237633461386365306334623061616166386339323461
37383563343737363134303338383065393236663936326363656434333164376564306431376561
62366663313035353861373264636564643265396339343436383433613966396464333337616464
37333936656461373231653833613536306130323837643636376132616236343039363933623736
64383331666639336661373134366662373066633465636639333539346230343866623762666530
35313066303162666365343936666331666332343362353438393361623664343432363631633966
39613933343936323461306133346362366364666634623863663163366238343232666234306565
37653061373262393534633436326566653962386239373038306639316338363033333135643939
35666436363065623230323834396561356239306161316266343034393066353164373332313664
64623665653762646631313665636636323532633337303061303834363865353139336133633433
35373232643938613466653962623232613830346135383363663935336662633162356533613366
64373731666232616164393264646666656663346336636166333633333065316236373038636433
33363739616638643438336530663235373236393330643332366461623537336136663966326137
65386261386466636435393833656462313532396432633237333662336132623338613235656331
35303737373461623138653463333337336436623936376462353735326165636632613633346630
37353436366437393166626430653964626430623431643265636462343437333162623262616630
63373962373635333732656633383530656566623536366330363830373864373937626562316239
66323035656134613137616365633334636366613661623836316666623734643336663762316263
61333638326463636237613231323166663161666131383438613531626531303531386537386637
35373739626661613534623832333232306431303238383537336663346330303137653939663631
62363163386562373830363438363663346431366537643461303533343635656437356164336634
36623931343766616434623038393265356435643336303466386462616433313330326239633538
37383430663465626564613431366162343766633965613734623132313032623935313862346365
33623831323133336362393732643331633836346561613236356462323332616436313764616331
35663964663665346336303132366162326161393539303264633562356338633739343439333639
30653362386232326431326532313562636638346435646666633037343632613336366366323935
32383730303964633364336637636165346330343563623238623239313035313036313830633433
31333465323164653466396263626163623763623233386636393534623461326531393665623531
34313863376364363862353036323839326538363130646338356664303335383834303438303163
61623061353135636235613138353437343364353835613463333835316631353265313636313964
32323366656164633033376364356131396635346266623136666665623930343632383430323039
39613331646461383636663361386537323130666233383666386136323661656263383238656230
63393462623762623735333030303837346436613932393732373364373531643736313235663861
39316235326362636633363038356631353162313137396334336230306234333334303062363531
61393430333464326363386236613465623531303134613064353738626234313266303566333437
62356436323832626633653662326337363262326439653666383239393532633965303630373162
36633362636437636537656539633438626466653838383935643434633636326639646431626638
35373330356530356462663735643365643232393435333636643738316139353962616533346365
31613631373366373234316436363030306265333366643061336562373037663736663631626633
35626163323966376532333631373535376666343739616636373431326466386530613634656461
30313665333061383537353039353864313138313838303566383061316330623134633335363532
35353931393131633730316263363431623037363837363261396365373230323236326435313965
38663331363033663365666330663165353836626139363733336639653132643963303434366632
30663037643962303164613939633636356162343763353666663035633431376631653133383365
36346266346434636666653965376330353838663462616131333138336166666334353335383937
35353961613161346437613866333734316465323037623066646534643666336462323239353335
39396163633837303663306131356435323865383461643238636337363139313939626238636639
63363461323130656166313031616534616531613965313831306239666439313031316366363263
65326438373639613733666630656332316537316430383261393039373661366331376530306634
30666632356234623733316164383363616630306531333835396431383361313562356165336231
30663563323161623061386162393131376161383530303538383264373861363733346233653665
64333430343964626131633837333363643866636632366339303737383663393238343530653037
62633936636538393837623133333565393230363432383265316365616238643030343837386338
33366635363838306662653038313761343032336431326466376132346135366634366361623336
63613362666430393636666339363962633663356263623762343963316565363739646532343336
63303064623962343038313066633936633631666539323764623935313733303032623737636335
38383637356537326531393631663365376531613861383664366266353363373338376337623833
36383437653234663531663035366330633332363038393263626462393065616361376261356464
66326432303830373462356337376633326463353862623935666333316331303730613064643064
35323635366262666232626662666262323965396464666462636534313365306632323635616266
32363966346565393766313834653065623465323064643037353765336639653435353661336633
36326366346531323034623332653366656638396530636633363338623932666132656561643837
33646439626535643632653938303230386139623662653032393062323838373738643234363332
64373263333639386435643339316664633761613239663165393264363664353464316632626165
35626335383931303563656336613430663364333135366566643263363131663263363365363230
34343334616236396466396232663333353165646539393331616365303463383762393131653430
32303366346230346537333633626337326231366462386465336161373861616232666665396237
64333662643431366533343233313638613632343530336134383532336266343361623137633361
38623933333063313637613065313836326333353063666337343066623439363333323336336663
36393762346266646236393764343361326630373136346632333130663533303237313066333630
35366338636330646435656330353038633730663738393563666535623430663864363035616330
63396436663037636135643430333534356462366233636166333538343664636464666362306362
30333530303731616436303133613263653335396463333431306231663437626465636633663462
38396331343236303863313066383262353835653666616532303665353330323237346662353133
35326436393164316261323363633939643764363830366231346564633263613737626462666232
36353930653431646334326334353536363664353035323666633365396631326134333762356532
38313233303033646537383562333363636461316435353737636338383735666564663038336663
39376433373031303362373630666134613931343364306638336534336635303863353030653865
39353865616632386334623130343333316663323035653963306133613735613465663034363238
39326131623635623166646362653035336231316537636331376362666430313037633439623266
61373364306363393362373363626432616262303165646536343838373832663630663232663863
38613832303336333336356636373761306630663938353530653532393462383462643632666136
63353034393331306531323961343064363864643931316165663534313438346165383833613134
33373537646635343033623465323063306165326564313638613330356461396163656330313738
66643431363239633033353064356231623963613765616265663762623463316364373131613164
33646165613536663633623264326464323136353861316664373035356632333734326566663437
36306363656232353061333464353033343165333865326539356534663766636537353930363764
37646235633531616661303163326665613264383266643036613462376566396230373166333166
30656165356431623662313436633134376166373536316139383439313139363563393132636465
39373436393031373231373761336235353938393336653561666432623633383433396134336531
33623833643034393935386633373337616239366661343665366363306666303364663361623536
30333634636634366635643838613164383866613461346633643932623663646535666239633238
66363862613539383066326361356237323633613430303063643838373032623238656166623264
38623563643336396434643231333664373336313833633832643639336332326261356533373464
36333763633231343034626539316138323238346339373434613866356262616530313539306463
30306531613930636330353931353235333838383563623834366332663634373530633961333438
39353731396630363431343336646138353164656634333637316133346164316535343630613830
62316662386461663664386433396261333331643262616234323665376330626361656363383062
66383733306230326637333864326532376634666362343162663137633237646533336361316235
37633037623230653037626531373831633531373634613466643031343838376334306430383662
35306631623936346333613462646563363036376531623365653235613366366335336563383137
31656236316466646236336633316365316433623762343866383838366365326663653931626637
66653362386438333234356438353264333066633438343566653161303466643164616631653434
30653966616338393433633861643635646230653465646135323863353131316462613066393630
37643432656632346436303939633962633431626564663566356536323766383166383066316363
64633330396435363966303235366333353033353038353339396466333865613965326263323936
30393363383337306437303163313239653631626434653332366130386131626366616138313237
3137323163373561663963623235373335396561336233646539
